last_updated: 2025-05-28T18:23:45.351517515+03:00
data:
    temperature: 11.05
    feelslike: 10
    humidity: 95
    windspeed: 2.291666666666667
    precipitation: Ясно, в ближайшие 2 часа осадков не ожидается
