last_updated: 2025-05-28T04:16:51.637580037+03:00
data:
    temperature: 12.9
    feelslike: 12.8
    humidity: 94
    windspeed: 3.8055555555555554
    precipitation: Облачно с прояснениями, в ближайшие 2 часа осадков не ожидается
