last_updated: 2025-05-29T06:57:39.72842706+03:00
data:
    temperature: 22.85
    feelslike: 23.35
    humidity: 40
    windspeed: 3.319444444444444
    precipitation: Ясно, в ближайшие 2 часа осадков не ожидается
