last_updated: 2025-06-08T18:11:49.432290615+03:00
data:
    temperature: 22.35
    feelslike: 21.7
    humidity: 46
    windspeed: 1.2916666666666667
    precipitation: Облачно с прояснениями, в ближайшие 2 часа осадков не ожидается
