last_updated: 2025-05-28T20:53:14.759398853+03:00
data:
    temperature: 24.2
    feelslike: 23.25
    humidity: 24
    windspeed: 2.569444444444444
    precipitation: Ясно, в ближайшие 2 часа осадков не ожидается
