last_updated: 2025-06-08T23:23:52.929880332+03:00
data:
    temperature: 13.05
    feelslike: 13.15
    humidity: 72
    windspeed: 1.2777777777777777
    precipitation: Ясно, в ближайшие 2 часа осадков не ожидается
