last_updated: 2025-05-29T07:01:07.745468259+03:00
data:
    temperature: 16.95
    feelslike: 16.6
    humidity: 86
    windspeed: 2.555555555555556
    precipitation: Пасмурно, в ближайшие 2 часа осадков не ожидается
