last_updated: 2025-05-28T17:05:45.801403287+03:00
data:
    temperature: 13.85
    feelslike: 13.15
    humidity: 81
    windspeed: 3.0416666666666665
    precipitation: Ясно, в ближайшие 2 часа осадков не ожидается
