last_updated: 2025-05-27T19:53:15.86605232+03:00
data:
    temperature: 17.15
    feelslike: 15.85
    humidity: 64
    windspeed: 3.0416666666666665
    precipitation: Ливень, в ближайшие 2 часа дождь не прекратится
